wave_peak	wave_base	wave_top	note
1515.87615	1515.72283	1515.97276	H1F
1516.08729	1515.97276	1516.12272	Fe 1
1516.28906	1516.12272	1516.41264	K 1
1516.46926	1516.41264	1516.54260	C2H2
1516.64767	1516.54260	1516.69256	NO 1
1516.83056	1516.69256	1517.00248	K 1
1517.58158	1517.57232	1517.80226	OH 1
1517.83559	1517.80226	1517.92222	NO 1
1517.98445	1517.92222	1518.05219	Fe 1
1518.14202	1518.05219	1518.18215	CN 1
1518.28930	1518.18215	1518.38210	Fe 1
1518.49755	1518.38210	1518.55205	Fe 1
1518.83947	1518.76199	1518.93195	NO 1
1519.04433	1518.93195	1519.08191	HCl
1519.10784	1519.08191	1519.22187	NO 1
1519.39832	1519.22187	1519.52178	NO 1
1519.67886	1519.52178	1519.71173	NO 1
1519.79790	1519.71173	1519.94167	OH 1
1520.15760	1520.00165	1520.25158	Fe 1
1521.60325	1521.45125	1521.72118	OH 1
1521.78350	1521.72118	1521.81115	Mn 1
1522.11469	1522.00110	1522.21104	SiH
1522.35113	1522.21104	1522.44098	OH 1
1522.45847	1522.44098	1522.55095	Fe 1
1522.63686	1522.55095	1522.78089	Fe 1
1524.84711	1524.71036	1524.88031	OH 1
1524.94288	1524.88031	1525.07026	OH 1
1525.12473	1525.07026	1525.24021	CN 1
1525.39963	1525.24021	1525.45015	Fe 1
1525.66710	1525.51014	1525.75007	SiH
1525.92163	1525.87004	1526.02000	Fe 1
1526.07197	1526.02000	1526.12997	Fe 1
1526.20195	1526.12997	1526.26993	Mn 1
1526.44654	1526.26993	1526.54985	OH 1
1526.61476	1526.54985	1526.69981	OH 1
1527.75104	1527.66954	1527.78951	OH 1
1527.83440	1527.78951	1527.91947	SiH
1528.08931	1527.91947	1528.18940	OH 1
1528.33370	1528.18940	1528.59929	HCl
1528.77667	1528.59929	1528.80923	OH 1
1528.90185	1528.80923	1529.11914	NO 1
1529.16591	1529.11914	1529.24911	CN 1
1529.74218	1529.62900	1529.88893	C2H2
1530.16362	1530.00890	1530.34880	Fe 1
1530.46270	1530.34880	1530.57874	HCN
1531.08035	1530.91865	1531.19857	HCN
1531.25425	1531.19857	1531.36852	C2H2
1531.44603	1531.36852	1531.46850	NO 1
1531.56408	1531.46850	1531.63845	C2H2
1531.75670	1531.69843	1531.88838	CN 1
1532.16544	1532.10832	1532.24828	C2H2
1532.42957	1532.24828	1532.58819	C2H2
1532.8121	1532.7022	1532.9521	Fe 1
1533.01762	1532.94809	1533.05806	Si 1
1533.47168	1533.33798	1533.58791	Ti 1
1534.20588	1534.13776	1534.30772	OH 1
1534.46079	1534.38769	1534.49766	OH 1
1534.58228	1534.49766	1534.60763	Fe 1
1534.63861	1534.60763	1534.72760	OH 1
1534.79512	1534.72760	1534.81757	OH 1
1534.84622	1534.81757	1534.92754	Fe 1
1535.12434	1534.92754	1535.17748	OH 1
1535.56724	1535.51738	1535.66734	HCN
1535.68534	1535.66734	1535.74732	C2H2
1535.85886	1535.74732	1535.91727	C2H2
1536.04674	1535.91727	1536.10722	OH 1
1536.18353	1536.10722	1536.34715	OH 1
1536.54720	1536.46712	1536.57709	HCN
1536.60930	1536.57709	1536.78703	HCl
1536.88751	1536.78703	1536.97698	OH 1
1537.11937	1536.97698	1537.14693	Fe 1
1537.21921	1537.14693	1537.31689	OH 1
1537.84169	1537.76676	1537.93672	OH 1
1538.06151	1537.93672	1538.19664	CN 1
1538.70634	1538.63652	1538.82647	Si 1
1538.95530	1538.82647	1539.01642	OH 1
1539.52111	1539.46630	1539.63625	C2H2
1539.71284	1539.63625	1539.82620	NO 1
1540.14280	1540.08612	1540.25608	OH 1
1540.31537	1540.25608	1540.38604	CN 1
1540.68901	1540.53600	1540.80593	OH 1
1540.90458	1540.80593	1541.01587	OH 1
1541.51328	1541.40576	1541.65569	Mg 1
1541.76505	1541.65569	1541.82565	CN 1
1541.92586	1541.82565	1541.99560	CN 1
1542.21583	1542.14556	1542.31551	S 1
1543.13344	1543.04531	1543.23526	OH 1
1543.47420	1543.36522	1543.55517	OH 1
1543.76429	1543.70513	1543.85509	Fe 1
1543.99387	1543.91507	1544.04504	OH 1
1544.14371	1544.04504	1544.17500	OH 1
1544.76170	1544.60488	1544.83482	Cr 1
1545.44480	1545.34468	1545.49464	Fe 1
1545.56228	1545.49464	1545.66459	CN 1
1546.13848	1545.96451	1546.22444	Fe 1
1546.40675	1546.33441	1546.52435	OH 1
1546.77577	1546.69431	1546.86426	HCN
1547.58657	1547.55407	1547.67404	Mn 1
1547.84092	1547.67404	1547.91397	S 1
1548.00533	1547.91397	1548.14391	Fe 1
1548.33410	1548.25388	1548.40384	OH 1
1548.47125	1548.40384	1548.55379	OH 1
1548.61745	1548.55379	1548.70375	Fe 1
1548.77871	1548.70375	1548.91370	OH 1
1549.03432	1548.91370	1549.09365	Fe 1
1549.27776	1549.21361	1549.39356	SiH
1549.89067	1549.79345	1550.11337	OH 1
1550.36343	1550.20334	1550.44327	OH 1
1550.80582	1550.74319	1550.95313	SiH
1551.11206	1551.01312	1551.19307	Fe 1
1551.32839	1551.19307	1551.38302	NO 1
1551.48092	1551.38302	1551.64294	Si 1
1551.70313	1551.64294	1551.76291	OH 1
1551.87551	1551.81290	1551.91287	Fe 1
1552.03572	1551.91287	1552.13281	OH 1
1552.16654	1552.13281	1552.21279	Fe 1
1552.48143	1552.45272	1552.60268	OH 1
1552.88294	1552.77263	1553.01257	OH 1
1553.12184	1553.01257	1553.22251	OH 1
1553.30706	1553.22251	1553.39246	HCN
1553.87164	1553.78236	1553.93231	SiH
1554.37162	1554.25223	1554.55214	Ti 1
1554.64851	1554.55214	1554.83207	OH 1
1554.93464	1554.83207	1555.01202	OH 1
1555.56161	1555.50188	1555.69183	Ni 1
1555.80272	1555.69183	1555.93176	CN 1
1556.02367	1555.93176	1556.10172	OH 1
1556.31678	1556.23168	1556.45162	CN 1
1556.85755	1556.81152	1557.03146	SiH
1557.20896	1557.03146	1557.37137	OH 1
1560.23245	1560.13061	1560.41053	Ca 1
1560.82950	1560.80042	1560.90040	OH 1
1560.97211	1560.90040	1560.99037	OH 1
1561.27882	1561.16032	1561.31028	SiH
1561.69886	1561.55022	1561.88013	CN 1
1561.98566	1561.88013	1562.07007	HCN
1562.32642	1562.24003	1562.35000	OH 1
1562.704	1562.524	1563.0039	OH 1
1563.17468	1562.97982	1563.27974	CN 1
1563.41571	1563.27974	1563.55966	OH 1
1563.66237	1563.55966	1563.83959	CN 1
1564.35790	1564.26947	1564.39943	CN 1
1564.71973	1564.59938	1564.80932	Mn 1
1564.84637	1564.80932	1564.89930	Fe 1
1565.2233	1565.0933	1565.2533	OH 1
1565.3333	1565.2533	1565.8731	Fe 1
1566.14276	1566.04898	1566.23893	HCN
1566.45117	1566.32890	1566.51885	HCl
1566.61007	1566.56884	1566.69880	HCN
1567.05242	1566.99872	1567.16867	Ca 1
1567.81651	1567.64854	1567.94846	Fe 1
1568.19616	1568.03843	1568.27837	Fe 1
1568.30705	1568.27837	1568.40833	OH 1
1568.70097	1568.64826	1568.79822	Fe 1
1568.88767	1568.79822	1569.03816	HCN
1569.13683	1569.03816	1569.16812	HCN
1569.26695	1569.16812	1569.31808	Fe 1
1569.37535	1569.31808	1569.44804	Mg 1
1569.882	1569.772	1569.96912	Fe 1
1569.96912	1569.94791	1570.09786	OH 1
1570.19891	1570.09786	1570.24782	OH 1
1570.35007	1570.24782	1570.50775	OH 1
1570.64654	1570.50775	1570.76768	OH 1
1570.88285	1570.76768	1570.98762	SiH
1571.03061	1570.98762	1571.15757	OH 1
1571.55535	1571.28754	1571.63744	Ti 1
1571.70141	1571.63744	1571.83739	NO 1
1571.95981	1571.83739	1572.06732	OH 1
1572.10992	1572.06732	1572.17729	OH 1
1572.22468	1572.17729	1572.30726	OH 1
1572.34279	1572.30726	1572.43722	Fe 1
1572.54161	1572.43722	1572.56719	NO 1
1572.67994	1572.56719	1572.85711	Ni 1
1573.03474	1572.93708	1573.19701	OH 1
1573.29635	1573.19701	1573.37696	Fe 1
1575.17418	1575.11648	1575.20646	Fe 1
1575.33256	1575.20646	1575.44639	CN 1
1575.53321	1575.44639	1575.59635	OH 1
1575.64470	1575.59635	1575.72632	OH 1
1575.78780	1575.72632	1575.81629	OH 1
1575.84653	1575.81629	1576.00624	OH 1
1577.66176	1577.55581	1577.77575	Fe 1
1577.86135	1577.77575	1578.01569	SiH
1588.65691	1588.58278	1588.68275	OH 1
1588.77314	1588.68275	1588.88269	Fe 1
1588.91793	1588.88269	1589.01266	OH 1
1589.19642	1589.01266	1589.26259	Fe 1
1589.36195	1589.26259	1589.54251	CN 1
1589.56875	1589.54251	1589.67248	OH 1
1589.75955	1589.67248	1589.85243	Fe 1
1590.63844	1590.53224	1590.79217	OH 1
1590.85234	1590.79217	1590.93213	Fe 1
1591.04263	1590.93213	1591.10208	CN 1
1592.23566	1592.14180	1592.31175	Fe 1
1592.79912	1592.69165	1592.91159	Fe 1
1593.21314	1593.17151	1593.28148	OH 1
1593.46525	1593.28148	1593.54141	OH 1
1595.07725	1595.02101	1595.13097	Mn 1
1595.22670	1595.13097	1595.28093	HCN
1595.46678	1595.35091	1595.55086	Mg 1
1595.60069	1595.55086	1595.70082	NO 1
1595.88187	1595.75080	1596.06072	Mn 1
1597.05439	1596.89049	1597.18041	NO 1
1597.51787	1597.49033	1597.58030	HCl
1597.74643	1597.58030	1597.87022	Fe 1
1597.89969	1597.87022	1597.95020	CN 1
1598.33939	1598.26011	1598.37008	NO 1
1598.43307	1598.37008	1598.48005	HCN
1598.93390	1598.81996	1599.03990	HCN
1599.06504	1599.03990	1599.16986	HCN
1599.29932	1599.16986	1599.42979	NO 1
1599.64542	1599.56975	1599.71971	H1F
1600.11838	1600.02963	1600.15959	NO 1
1600.22127	1600.15959	1600.29955	Fe 1
1600.36970	1600.29955	1600.42952	NO 1
1600.50395	1600.42952	1600.57948	C 1
1602.89895	1602.81886	1603.08878	OH 1
1603.20278	1603.08878	1603.32872	SiH
1603.66306	1603.47868	1603.76860	OH 1
1603.85313	1603.76860	1603.96854	CN 1
1604.15624	1604.05852	1604.21847	OH 1
1604.25915	1604.21847	1604.32844	Fe 1
1604.38388	1604.32844	1604.54838	Fe 1
1604.60531	1604.54838	1604.65835	Fe 1
1605.07965	1604.92828	1605.18821	HCl
1605.27884	1605.18821	1605.36816	OH 1
1605.5223	1605.3723	1605.72427	OH 1
1605.72427	1605.63808	1605.78804	Fe 1
1606.16844	1605.98799	1606.38788	OH 1
1606.48910	1606.38788	1606.62781	Fe 1
1606.93587	1606.82776	1607.11768	OH 1
1607.28680	1607.11768	1607.34761	FeH
1607.41497	1607.34761	1607.69752	OH 1
1607.77752	1607.69752	1607.87747	Fe 1
1607.95314	1607.87747	1608.02743	Mn 1
1608.14714	1608.11740	1608.20738	SiH
1608.73128	1608.62726	1608.80721	Fe 1
1608.96187	1608.80721	1609.09713	Fe 1
1609.42820	1609.36706	1609.45703	HCl
1609.52951	1609.45703	1609.74695	FeH
1609.79551	1609.74695	1609.87692	HCN
1609.97444	1609.87692	1610.05687	CN 1
1611.64932	1611.58645	1611.81638	OH 1
1612.02681	1611.92635	1612.07631	NO 1
1612.18542	1612.07631	1612.23627	NO 1
1613.18098	1612.99606	1613.25599	OH 1
1614.04160	1613.90581	1614.15574	FeH
1614.26449	1614.15574	1614.30570	Fe 1
1614.40389	1614.30570	1614.50564	FeH
1616.35435	1616.13519	1616.49509	Si 1
1616.72134	1616.60506	1616.80501	FeH
1616.87801	1616.80501	1616.91498	NO 1
1616.94466	1616.91498	1617.05494	NO 1
1618.42727	1618.35458	1618.64450	FeH
1619.21218	1619.11437	1619.33431	OH 1
1619.49447	1619.33431	1619.55425	Fe 1
1619.68542	1619.55425	1619.87416	Ca 1
1620.03969	1619.93415	1620.20407	V 1
1620.27915	1620.20407	1620.31404	Fe 1
1620.41499	1620.31404	1620.54398	Fe 1
1620.69950	1620.54398	1620.92388	OH 1
1621.16154	1621.10383	1621.23379	OH 1
1621.37708	1621.23379	1621.43374	OH 1
1621.68697	1621.59369	1621.84362	OH 1
1624.13067	1623.97304	1624.22297	OH 1
1624.57603	1624.46290	1624.69284	Fe 1
1624.78039	1624.69284	1624.87279	OH 1
1624.95948	1624.87279	1625.05274	FeH
1625.15099	1625.05274	1625.23269	FeH
1625.27020	1625.23269	1625.34266	Fe 1
1625.50460	1625.34266	1625.86252	OH 1
1626.00478	1625.86252	1626.15244	OH 1
1626.30939	1626.15244	1626.33239	FeH
1627.54982	1627.47207	1627.63203	OH 1
1627.88163	1627.77199	1628.04192	FeH
1628.47866	1628.37183	1628.73173	Fe 1
1628.89987	1628.73173	1629.07163	FeH
1629.42243	1629.34156	1629.57150	HCl
1629.65101	1629.57150	1629.72145	Fe 1
1629.77981	1629.72145	1629.84142	SiH
1629.92916	1629.84142	1630.02137	Ni 1
1630.68734	1630.58122	1630.76117	FeH
1630.79414	1630.76117	1630.85114	NO 1
1631.12460	1631.03109	1631.19105	FeH
1633.91693	1633.78034	1634.03027	NO 1
1634.72487	1634.66010	1634.75007	Ca 1
1635.21130	1635.11997	1635.33991	CN 1
1635.45530	1635.33991	1635.49986	OH 1
1635.79073	1635.67981	1635.90975	FeH
1636.17030	1636.08970	1636.30964	FeH
1636.45112	1636.35963	1636.58956	OH 1
1637.73166	1637.57929	1637.80923	Fe 1
1638.36720	1638.20912	1638.43906	OH 1
1639.27352	1639.16885	1639.45877	OH 1
1639.55953	1639.45877	1639.68871	FeH
1639.71668	1639.68871	1639.79868	CN 1
1639.89707	1639.79868	1640.04861	FeH
1640.16213	1640.04861	1640.29854	Ti 1
1640.65040	1640.56847	1640.72843	FeH
1641.27084	1641.13831	1641.47822	FeH
1641.62146	1641.56819	1641.67816	NO 1
1641.73417	1641.67816	1641.81813	NO 1
1651.88269	1651.84537	1652.00532	Fe 1
1652.11189	1652.00532	1652.21526	FeH
1652.33794	1652.21526	1652.48519	OH 1
1652.61603	1652.48519	1652.76511	OH 1
1652.84701	1652.76511	1652.89508	FeH
1653.00268	1652.89508	1653.21499	FeH
1653.44670	1653.21499	1653.53490	OH 1
1653.84980	1653.67486	1654.01477	CN 1
1654.12305	1654.01477	1654.22471	Fe 1
1654.65900	1654.54462	1654.75456	FeH
1656.18972	1656.10419	1656.26415	Fe 1
1656.62642	1656.55407	1656.69403	NO 1
1656.97103	1656.90397	1656.99395	Si 1
1657.13299	1656.99395	1657.29387	Si 1
1657.44544	1657.29387	1657.56379	NO 1
1658.13236	1657.79373	1658.18362	Fe 1
1658.23310	1658.18362	1658.36357	CN 1
1659.70490	1659.60323	1659.74319	S 1
1659.77279	1659.74319	1659.88315	NO 1
1660.00832	1659.88315	1660.17307	FeH
1660.53548	1660.50298	1660.63295	OH 1
1660.73572	1660.63295	1660.89288	OH 1
1661.16758	1661.05283	1661.30276	FeH
1662.91945	1662.81235	1663.04228	FeH
1663.19661	1663.04228	1663.41218	Mg 1
1663.68284	1663.60213	1663.76209	FeH
1664.61425	1664.49188	1664.68183	CN 1
1665.00168	1664.88178	1665.23168	Ca 2
1665.34167	1665.23168	1665.37164	Fe 1
1665.45260	1665.37164	1665.51160	OH 1
1665.59315	1665.51160	1665.67156	OH 1
1666.20998	1666.10144	1666.36137	OH 1
1666.43198	1666.36137	1666.47134	FeH
1666.54742	1666.47134	1666.70128	Fe 1
1667.28033	1667.03119	1667.37109	FeH
1667.79402	1667.69100	1667.95093	FeH
1668.08010	1667.99092	1668.11089	Si 1
1668.19973	1668.11089	1668.38081	FeH
1670.4246	1670.2846	1670.5846	OH 1
1670.74412	1670.58021	1670.85013	Mn 1
1670.88064	1670.85013	1671.06008	Fe 1
1671.44034	1671.34000	1671.58993	OH 1
1671.68859	1671.58993	1671.72989	OH 1
1671.87648	1671.72989	1671.98982	Al 1
1671.99170	1671.98982	1672.21976	OH 1
1672.26275	1672.21976	1672.35972	Si 1
1672.51709	1672.39971	1672.62965	FeH
1673.53513	1673.43942	1673.59938	FeH
1675.03316	1674.57911	1675.40888	Al 1
1675.90696	1675.77878	1676.05870	FeH
1677.37639	1677.21838	1677.48831	FeH
1684.31870	1684.22645	1684.52637	Fe 1
1686.21789	1686.11593	1686.29588	FeH
1686.62134	1686.48583	1686.83574	Fe 1
1687.19744	1687.09566	1687.30561	OH 1
1687.79481	1687.71549	1687.83546	Fe 1
1687.89421	1687.83546	1687.99542	OH 1
1688.08567	1687.99542	1688.16537	FeH
1688.21312	1688.16537	1688.30533	Ca 1
1688.44118	1688.30533	1688.55526	OH 1
1688.62844	1688.55526	1688.74521	FeH
