code	Grevesse2007	Amass	I1/D0	I2/rdmass	I3	I4	maxcharge
1	-0.036	1.008	13.5984	0	0	0	0
2	-1.106	4.003	24.5874	54.4178	0	0	1
3	-10.99	6.941	5.3917	75.64	122.4543	0	1
4	-10.66	9.012	9.3227	18.2111	153.8966	217.7187	1
5	-9.34	10.811	8.298	25.1548	37.9306	259.3752	1
6	-3.65	12.011	11.2603	24.3833	47.8878	64.4939	3
7	-4.26	14.007	14.5341	29.6013	47.4492	77.4735	3
8	-3.38	15.999	13.6181	35.1211	54.9355	77.4135	3
9	-7.48	18.998	17.4228	34.9708	62.7084	87.1398	1
10	-4.20	20.18	21.5646	40.963	63.4551	97.1168	1
11	-5.87	22.99	5.1391	47.2864	71.62	98.91	3
12	-4.51	24.305	7.6462	15.0353	80.1437	109.2655	3
13	-5.67	26.982	5.9858	18.8286	28.4477	119.992	3
14	-4.53	28.086	8.1517	16.3458	33.493	45.1418	3
15	-6.68	30.974	10.4867	19.7695	30.2027	51.4439	2
16	-4.90	32.065	10.36	23.3379	34.79	47.2219	3
17	-6.54	35.453	12.9676	23.8136	39.9105	53.4652	1
18	-5.86	39.948	15.7596	27.6296	40.735	59.686	1
19	-6.96	39.098	4.3407	31.6284	45.806	60.9134	3
20	-5.73	40.078	6.1132	11.8717	50.9131	67.27	3
21	-8.87	44.956	6.5615	12.7998	24.7567	73.4894	2
22	-7.14	47.867	6.8281	13.5755	27.4917	43.2672	2
23	-8.04	50.942	6.7462	14.6549	29.3111	46.7086	2
24	-6.40	51.996	6.7665	16.4857	30.9589	49.1597	2
25	-6.65	54.938	7.434	15.64	33.668	51.2	2
26	-4.59	55.845	7.9024	16.1877	30.6514	54.801	3
27	-7.12	58.933	7.881	17.0844	33.5	51.27	2
28	-5.81	58.693	7.6398	18.1688	35.1867	54.925	2
29	-7.83	63.546	7.7264	20.2924	36.8407	57.3799	2
30	-7.44	65.409	9.3942	17.9644	39.7233	59.5732	2
31	-9.16	69.723	5.9993	20.5151	30.7258	63.2406	2
32	-8.46	72.64	7.8994	15.9346	34.0576	45.7155	2
33	-9.75	74.922	9.7886	18.5892	28.351	50.13	1
34	-8.71	78.96	9.7524	21.1889	30.8204	42.945	1
35	-9.48	79.904	11.8138	21.591	36	47.3	1
36	-8.79	83.798	13.9996	24.35984	36.9498	52.4949	1
37	-9.44	85.468	4.1771	27.28954	39.0178	52.1973	1
38	-9.12	87.62	5.6949	11.0301	42.89	57	1
39	-9.83	88.906	6.2173	12.22	20.52	60.597	1
40	-9.46	91.224	6.6339	13.13	23.1702	34.4184	1
41	-10.62	92.906	6.7589	14	25.04	38.3	1
42	-10.12	95.94	7.0924	16.1551	27.1277	46.3701	1
43	-20	98	7.28	15.26	29.54	46	1
44	-10.20	101.07	7.3605	16.76	28.47	50	1
45	-10.92	102.906	7.4589	18.08	31.06	48	1
46	-10.38	106.42	8.3369	19.43	32.93	53	1
47	-11.10	107.868	7.5762	21.47746	34.83	56	1
48	-10.27	112.411	8.9938	16.90831	37.48	59	1
49	-10.44	114.818	5.7864	18.8703	28.03	54.4	1
50	-10.04	118.71	7.3439	14.6322	30.5026	48.73502	1
51	-11.04	121.76	8.6084	16.63	25.3	44.2	1
52	-9.85	127.6	9.0096	18.6	27.96	37.41	1
53	-10.53	126.904	10.4513	19.1313	33	42	1
54	-9.80	131.293	12.1298	20.975	32.123	46	1
55	-10.97	132.905	3.8939	23.15744	35	46	1
56	-9.87	137.327	5.2117	10.00383	35.84	49	1
57	-10.91	138.906	5.5769	11.059	19.1773	49.9532	1
58	-10.34	140.116	5.5387	10.849	20.1974	36.7576	1
59	-11.46	140.908	5.464	10.551	21.6237	38.98	1
60	-10.59	144.24	5.525	10.725	22.1436	40.4188	1
61	-20	145	5.5545	10.8982	22.3	41.1	1
62	-11.04	150.36	5.6436	11.072	23.4	41.4	1
63	-11.52	151.964	5.6704	11.241	24.9208	42.6506	1
64	-10.93	157.25	6.1498	12.088	20.631	44.0144	1
65	-11.76	158.925	5.8638	11.518	21.908	39.79	1
66	-10.90	162.5	5.9388	11.667	22.8	41.47	1
67	-11.53	164.93	6.0215	11.803	22.8379	42.5	1
68	-11.11	167.259	6.1077	11.927	22.7387	42.7	1
69	-12.04	168.934	6.1843	11.493	23.681	42.7	1
70	-10.96	173.04	6.2539	12.184	25.0535	43.56	1
71	-11.98	174.967	5.4258	13.8862	20.9594	45.25	1
72	-11.16	178.49	6.8251	15	23.3	33.33	1
73	-12.21	180.948	7.5496	16	22	33	1
74	-10.93	183.84	7.864	16.1	24	35	1
75	-11.81	186.207	7.8335	17	26	38	1
76	-10.79	190.23	8.4382	17	25	40	1
77	-10.66	192.217	8.967	17	27	39	1
78	-10.40	195.078	8.9588	18.563	28	41	1
79	-11.03	196.967	9.2255	20.2	30	44	1
80	-10.91	200.56	10.4375	18.7569	34.2	46	1
81	-11.14	204.383	6.1082	20.4283	29.83	50.7	1
82	-10.04	207.2	7.4167	15.03248	31.9373	42.32	1
83	-11.39	208.98	7.2855	16.703	25.56	45.3	1
84	-20	209	8.414	19	27	38	1
85	-20	210	9.3	20	29	41	1
86	-20	222	10.7485	21	29	44	1
87	-20	223	4.0727	22	33	43	1
88	-20	226	5.2784	10.14715	34	46	1
89	-20	227	5.17	11.75	20	49	1
90	-11.98	232.038	6.3067	11.9	20	28.8	1
91	-20	231.036	5.89	11	20	29	1
92	-12.56	238.029	6.1941	10.6	20	29	1
101	-7.5	2.016	4.4781	0.50407	1	0	0
106	-7.5	13.02	3.47	0.9299	0.8	0	0
107	-7.5	15.015	3.47	0.94028	1	0	0
108	-7.5	17.0073	4.392	0.9482	1	0	0
112	-7.5	25.3129	1.34	0.9678	1	0	0
113	-7.5	27.99	3.06	0.9717	1	0	0
114	-7.5	29.093	3.06	0.97302	0.3	0	0
120	-7.5	41.086	1.7	0.98321	1	0	0
606	-7.5	24.02	6.15	6.0055	1	0	0
607	-7.5	26.01	7.66	6.4627	1	0	0
608	-7.5	28.01	11.108	6.8604	1	0	0
813	-7.5	42.981	5.27	10.0436	1	0	0
814	-7.5	44.06	8.26	10.1897	1	0	0
822	-7.5	63.879	6.87	11.9921	1	0	0
840	-7.5	107.223	7.85	13.6118	1	0	0